File	Base	G	A	T	C
./1infected_CGAGGCTG-AAGGAGTA_L001_R1_001_fastqc	1	45.62754277950396	15.954615438833414	12.088581958861958	26.329259822800672
./1infected_CGAGGCTG-AAGGAGTA_L001_R1_001_fastqc	2	19.48849677734265	18.184799171683682	34.117490677255965	28.209213373717702
./1infected_CGAGGCTG-AAGGAGTA_L001_R1_001_fastqc	3	20.89405492916427	19.105950843879484	25.76951546170254	34.2304787652537
./1infected_CGAGGCTG-AAGGAGTA_L001_R1_001_fastqc	4	16.05414672440865	13.977121042734861	30.34519626472523	39.62353596813126
./1infected_CGAGGCTG-AAGGAGTA_L001_R1_001_fastqc	5	19.027567342314843	31.84021735124863	29.510418948823023	19.621796357613505
./1infected_CGAGGCTG-AAGGAGTA_L001_R1_001_fastqc	6	38.81025361847166	30.95795675047298	13.21841801089585	17.013371620159507
./1infected_CGAGGCTG-AAGGAGTA_L001_R1_001_fastqc	7	33.744398102939336	28.069443173573006	16.616417131661287	21.56974159182637
./1infected_CGAGGCTG-AAGGAGTA_L001_R1_001_fastqc	8	31.363652589388124	29.379861564335137	15.969624552986005	23.28686129329073
./1infected_CGAGGCTG-AAGGAGTA_L001_R1_001_fastqc	9	28.685090181197566	14.094005935266281	16.01754081614097	41.20336306739519
./1infected_CGAGGCTG-AAGGAGTA_L001_R1_001_fastqc	10	21.152090741471458	22.535687272680388	25.374326562418968	30.937895423429186
./1infected_CGAGGCTG-AAGGAGTA_L001_R1_001_fastqc	11	39.54404115564405	20.44114040321439	17.761615821064893	22.253202620076664
./1infected_CGAGGCTG-AAGGAGTA_L001_R1_001_fastqc	12	28.137088813755934	20.840649463573584	24.212944107026075	26.809317615644414
./1infected_CGAGGCTG-AAGGAGTA_L001_R1_001_fastqc	13	33.06662352278635	17.447355373467342	21.773058571088924	27.712962532657386
./1infected_CGAGGCTG-AAGGAGTA_L001_R1_001_fastqc	14	26.139851407626825	17.823416254447288	21.134449281934387	34.902283055991504
./1infected_CGAGGCTG-AAGGAGTA_L001_R1_001_fastqc	15	28.77589053770226	22.28954393050564	18.93028674419672	30.004278787595386
./1infected_CGAGGCTG-AAGGAGTA_L001_R1_001_fastqc	16	28.325136092290187	23.7559595852299	19.00018387144355	28.91872045103636
./1infected_CGAGGCTG-AAGGAGTA_L001_R1_001_fastqc	17	28.852729750062807	23.015581156438806	19.493221051481022	28.63846804201737
./1infected_CGAGGCTG-AAGGAGTA_L001_R1_001_fastqc	18	29.981393479982117	21.290836226349885	20.689068578082967	28.038701715585034
./1infected_CGAGGCTG-AAGGAGTA_L001_R1_001_fastqc	19	32.00615387220655	21.698389061005773	20.27772958889867	26.017727477889004
./1infected_CGAGGCTG-AAGGAGTA_L001_R1_001_fastqc	20	29.79193180572823	20.848293935677322	21.446674731608788	27.913099526985658
./1infected_CGAGGCTG-AAGGAGTA_L001_R1_001_fastqc	21	29.32295859640372	21.194368665227064	21.72322758175568	27.759445156613538
./1infected_CGAGGCTG-AAGGAGTA_L001_R1_001_fastqc	22	29.061381983927653	22.26174191396221	19.74580614831084	28.931069953799295
./1infected_CGAGGCTG-AAGGAGTA_L001_R1_001_fastqc	23	28.925032312206977	20.75785439440723	21.07964385323345	29.237469440152346
./1infected_CGAGGCTG-AAGGAGTA_L001_R1_001_fastqc	24	28.15118466225433	22.411504290670443	21.24624427422304	28.191066772852185
./1infected_CGAGGCTG-AAGGAGTA_L001_R1_001_fastqc	25	28.323841968315417	21.66570401162075	21.747551339437557	28.262902680626272
./1infected_CGAGGCTG-AAGGAGTA_L001_R1_001_fastqc	26	27.47835565625027	22.09312573852865	20.319271449575684	30.109247155645395
./1infected_CGAGGCTG-AAGGAGTA_L001_R1_001_fastqc	27	29.831116340205853	22.553487490920688	20.266347070964468	27.349049097908996
./1infected_CGAGGCTG-AAGGAGTA_L001_R1_001_fastqc	28	28.65319892532866	21.3666218582254	20.63626928208641	29.34390993435953
./1infected_CGAGGCTG-AAGGAGTA_L001_R1_001_fastqc	29	29.464912931435194	21.51138093034717	20.233560993313755	28.790145144903878
./1infected_CGAGGCTG-AAGGAGTA_L001_R1_001_fastqc	30	28.1170611628007	21.94338741616939	21.44371123581527	28.49584018521464
./1infected_CGAGGCTG-AAGGAGTA_L001_R1_001_fastqc	31	29.256520484539262	20.61565951588602	20.271590919040662	29.856229080534057
./1infected_CGAGGCTG-AAGGAGTA_L001_R1_001_fastqc	32	28.784061495441854	21.910575150589157	20.670930041968727	28.63443331200026
./1infected_CGAGGCTG-AAGGAGTA_L001_R1_001_fastqc	33	29.50482539290643	20.566089502820216	21.20752039948845	28.721564704784903
./1infected_CGAGGCTG-AAGGAGTA_L001_R1_001_fastqc	34	28.734714303129632	21.140626438750747	21.04466882982616	29.079990428293456
./1infected_CGAGGCTG-AAGGAGTA_L001_R1_001_fastqc	35	28.330952825043298	22.054810752357206	21.712612184530133	27.901624238069367
./1infected_CGAGGCTG-AAGGAGTA_L001_R1_001_fastqc	36	28.262523892202807	20.71066825041963	21.27881797761674	29.747989879760823
./1infected_CGAGGCTG-AAGGAGTA_L001_R1_001_fastqc	37	29.428037774165745	21.32419720949494	20.49643082877956	28.751334187559756
./1infected_CGAGGCTG-AAGGAGTA_L001_R1_001_fastqc	38	30.276266882708892	20.093644490586478	21.814490095766104	27.815598530938523
./1infected_CGAGGCTG-AAGGAGTA_L001_R1_001_fastqc	39	28.917901965909305	21.342989135274415	20.112844740364295	29.62626415845199
./1infected_CGAGGCTG-AAGGAGTA_L001_R1_001_fastqc	40	29.514606965360823	20.409772952127486	21.348773425760285	28.72684665675141
./1infected_CGAGGCTG-AAGGAGTA_L001_R1_001_fastqc	41	29.1454344788648	20.717958369300625	21.475622800017725	28.660984351816854
./1infected_CGAGGCTG-AAGGAGTA_L001_R1_001_fastqc	42	28.376735401173658	20.560966715513036	21.64137752534607	29.420920357967233
./1infected_CGAGGCTG-AAGGAGTA_L001_R1_001_fastqc	43	29.610937262312966	20.285547252315013	21.334778711054444	28.768736774317578
./1infected_CGAGGCTG-AAGGAGTA_L001_R1_001_fastqc	44	29.277824424508093	21.254563290627402	20.883039041990283	28.58457324287422
./1infected_CGAGGCTG-AAGGAGTA_L001_R1_001_fastqc	45	29.369796812844456	20.73597600853418	20.71041560646083	29.183811572160533
./9uninfected_GTAGAGGA-AAGGAGTA_L001_R2_001_fastqc	1	46.42130505680033	15.499338963543085	11.646411370107575	26.432944609549015
./9uninfected_GTAGAGGA-AAGGAGTA_L001_R2_001_fastqc	2	19.06457847903922	17.839442618024158	35.385502678976586	27.71047622396003
./9uninfected_GTAGAGGA-AAGGAGTA_L001_R2_001_fastqc	3	20.686191280826748	19.273558382764186	25.8308960370446	34.20935429936447
./9uninfected_GTAGAGGA-AAGGAGTA_L001_R2_001_fastqc	4	15.335816712202242	13.927442985313387	31.048460204427126	39.68828009805725
./9uninfected_GTAGAGGA-AAGGAGTA_L001_R2_001_fastqc	5	18.55363222211199	32.05662612490508	29.871287940636037	19.518453712346894
./9uninfected_GTAGAGGA-AAGGAGTA_L001_R2_001_fastqc	6	38.45150528807271	31.153424837539625	13.578622218159039	16.81644765622863
./9uninfected_GTAGAGGA-AAGGAGTA_L001_R2_001_fastqc	7	33.319842312156545	28.218239773350845	17.067335656731565	21.394582257761048
./9uninfected_GTAGAGGA-AAGGAGTA_L001_R2_001_fastqc	8	31.00837766633368	29.677295784943226	16.168883398515927	23.145443150207168
./9uninfected_GTAGAGGA-AAGGAGTA_L001_R2_001_fastqc	9	28.98842524341173	14.02897067835888	16.018997350125925	40.963606728103464
./9uninfected_GTAGAGGA-AAGGAGTA_L001_R2_001_fastqc	10	21.03595472739312	22.446624064830182	25.738474201617695	30.778947006159
./9uninfected_GTAGAGGA-AAGGAGTA_L001_R2_001_fastqc	11	39.100643329591314	20.4763112870637	18.237052913058026	22.185992470286955
./9uninfected_GTAGAGGA-AAGGAGTA_L001_R2_001_fastqc	12	28.12164055317472	21.06135788162474	24.436548386698455	26.380453178502083
./9uninfected_GTAGAGGA-AAGGAGTA_L001_R2_001_fastqc	13	32.85679153561264	17.73717971743967	21.777202923636573	27.628825823311114
./9uninfected_GTAGAGGA-AAGGAGTA_L001_R2_001_fastqc	14	26.130099001343755	17.953630195812053	21.387057072298237	34.52921373054596
./9uninfected_GTAGAGGA-AAGGAGTA_L001_R2_001_fastqc	15	28.55386274960822	22.439888374647804	19.36007931599959	29.64616955974438
./9uninfected_GTAGAGGA-AAGGAGTA_L001_R2_001_fastqc	16	28.23171401519004	23.671320219434484	19.368873100046358	28.728092665329118
./9uninfected_GTAGAGGA-AAGGAGTA_L001_R2_001_fastqc	17	28.520716933748158	23.068112410375914	19.989319265970344	28.421851389905584
./9uninfected_GTAGAGGA-AAGGAGTA_L001_R2_001_fastqc	18	29.97310668700464	21.232438523489858	21.03415541489266	27.760299374612842
./9uninfected_GTAGAGGA-AAGGAGTA_L001_R2_001_fastqc	19	31.762627824572963	21.64645776936356	20.484373675729287	26.10654073033419
./9uninfected_GTAGAGGA-AAGGAGTA_L001_R2_001_fastqc	20	29.634734079075624	21.027126235498155	21.550918520264695	27.787221165161526
./9uninfected_GTAGAGGA-AAGGAGTA_L001_R2_001_fastqc	21	29.178420042320337	21.37965981445743	21.72919427438441	27.712725868837822
./9uninfected_GTAGAGGA-AAGGAGTA_L001_R2_001_fastqc	22	28.94677460985632	22.33599174793481	19.984511473867602	28.73272216834127
./9uninfected_GTAGAGGA-AAGGAGTA_L001_R2_001_fastqc	23	28.71312521562304	20.954956186052875	21.24894477117897	29.082973827145114
./9uninfected_GTAGAGGA-AAGGAGTA_L001_R2_001_fastqc	24	28.15198893728023	22.50076577627735	21.302422939524014	28.044822346918398
./9uninfected_GTAGAGGA-AAGGAGTA_L001_R2_001_fastqc	25	28.141100513364375	21.789092108417602	21.816330361850657	28.253477016367366
./9uninfected_GTAGAGGA-AAGGAGTA_L001_R2_001_fastqc	26	27.432221397385494	22.16157081140186	20.668364752315156	29.737843038897495
./9uninfected_GTAGAGGA-AAGGAGTA_L001_R2_001_fastqc	27	29.59745060562428	22.559428481576095	20.557251603497264	27.285869309302363
./9uninfected_GTAGAGGA-AAGGAGTA_L001_R2_001_fastqc	28	28.43505934191261	21.54252771590417	20.84954592277151	29.1728670194117
./9uninfected_GTAGAGGA-AAGGAGTA_L001_R2_001_fastqc	29	29.22825591593542	21.66841838620795	20.486409924074277	28.616915773782353
./9uninfected_GTAGAGGA-AAGGAGTA_L001_R2_001_fastqc	30	28.039255873072655	22.095913733914934	21.475087680174305	28.38974271283811
./9uninfected_GTAGAGGA-AAGGAGTA_L001_R2_001_fastqc	31	29.108960088942087	20.83799360674966	20.456740398511325	29.59630590579693
./9uninfected_GTAGAGGA-AAGGAGTA_L001_R2_001_fastqc	32	28.743410861560783	22.097631044171575	20.672498606535093	28.486459487732553
./9uninfected_GTAGAGGA-AAGGAGTA_L001_R2_001_fastqc	33	29.344466003321486	20.690443659359723	21.420573699198137	28.54451663812066
./9uninfected_GTAGAGGA-AAGGAGTA_L001_R2_001_fastqc	34	28.703309119933547	21.335457988248837	21.173198938820295	28.78803395299732
./9uninfected_GTAGAGGA-AAGGAGTA_L001_R2_001_fastqc	35	28.33069134099934	22.176822374806914	21.702554775169016	27.789931509024722
./9uninfected_GTAGAGGA-AAGGAGTA_L001_R2_001_fastqc	36	28.150985383758766	20.985795338947973	21.433879877517477	29.429339399775785
./9uninfected_GTAGAGGA-AAGGAGTA_L001_R2_001_fastqc	37	29.2718497507861	21.530011797212918	20.758216256916747	28.43992219508424
./9uninfected_GTAGAGGA-AAGGAGTA_L001_R2_001_fastqc	38	29.823575681609643	20.436690476351973	22.045351685011404	27.694382157026975
./9uninfected_GTAGAGGA-AAGGAGTA_L001_R2_001_fastqc	39	28.836316776691312	21.551608500091486	20.162886428597353	29.449188294619848
./9uninfected_GTAGAGGA-AAGGAGTA_L001_R2_001_fastqc	40	29.222703097616044	20.656740251047825	21.398924882565424	28.721631768770706
./9uninfected_GTAGAGGA-AAGGAGTA_L001_R2_001_fastqc	41	28.873374115984486	21.004436053630105	21.667893289949607	28.45429654043581
./9uninfected_GTAGAGGA-AAGGAGTA_L001_R2_001_fastqc	42	28.40337217638317	20.75185790358283	21.691688467864683	29.15308145216932
./9uninfected_GTAGAGGA-AAGGAGTA_L001_R2_001_fastqc	43	29.372835258719537	20.509117172541284	21.3812171154454	28.736830453293777
./9uninfected_GTAGAGGA-AAGGAGTA_L001_R2_001_fastqc	44	29.0495498790442	21.459173512035996	20.970158872932522	28.521117735987282
./9uninfected_GTAGAGGA-AAGGAGTA_L001_R2_001_fastqc	45	29.210141816548894	21.00426608178505	20.785552860317775	29.000039241348276
./14uninfected_CGAGGCTG-CTCTCTAT_L001_R1_001_fastqc	1	47.71091705402397	16.22364694239879	11.30849048369179	24.75694551988545
./14uninfected_CGAGGCTG-CTCTCTAT_L001_R1_001_fastqc	2	20.33981897623629	20.07866042393315	33.320232057889434	26.261288541941123
./14uninfected_CGAGGCTG-CTCTCTAT_L001_R1_001_fastqc	3	20.847376279777333	21.177002862195206	26.169897318417156	31.8057235396103
./14uninfected_CGAGGCTG-CTCTCTAT_L001_R1_001_fastqc	4	14.48046873380346	15.255080971320915	31.05583302653302	39.20861726834261
./14uninfected_CGAGGCTG-CTCTCTAT_L001_R1_001_fastqc	5	18.480267126013647	32.70814456161641	27.724716625012363	21.08687168735758
./14uninfected_CGAGGCTG-CTCTCTAT_L001_R1_001_fastqc	6	35.38441258388007	34.80257702572616	11.586508454092037	18.22650193630174
./14uninfected_CGAGGCTG-CTCTCTAT_L001_R1_001_fastqc	7	33.352891012088875	29.89525818370659	15.1752025003243	21.576648303880233
./14uninfected_CGAGGCTG-CTCTCTAT_L001_R1_001_fastqc	8	32.36150732193291	27.878431795099285	14.419566380630231	25.34049450233758
./14uninfected_CGAGGCTG-CTCTCTAT_L001_R1_001_fastqc	9	30.88594184681459	13.267671873198609	14.641318794956208	41.2050674850306
./14uninfected_CGAGGCTG-CTCTCTAT_L001_R1_001_fastqc	10	22.378416206035407	21.583384718011068	22.45943625960255	33.578762816350974
./14uninfected_CGAGGCTG-CTCTCTAT_L001_R1_001_fastqc	11	39.87325525662426	22.093128259871147	16.505873146160102	21.52774333734449
./14uninfected_CGAGGCTG-CTCTCTAT_L001_R1_001_fastqc	12	30.362671628458383	22.781432547197575	21.388631808442877	25.46726401590117
./14uninfected_CGAGGCTG-CTCTCTAT_L001_R1_001_fastqc	13	34.615788270034464	18.78029333394936	20.506764657529803	26.097153738486373
./14uninfected_CGAGGCTG-CTCTCTAT_L001_R1_001_fastqc	14	27.26045330197643	19.229048365461075	20.67802896722694	32.832469365335555
./14uninfected_CGAGGCTG-CTCTCTAT_L001_R1_001_fastqc	15	29.342672986510856	21.837963016063306	19.417797196887076	29.401566800538763
./14uninfected_CGAGGCTG-CTCTCTAT_L001_R1_001_fastqc	16	27.764068914755068	25.146210072409183	17.715180641172005	29.374540371663745
./14uninfected_CGAGGCTG-CTCTCTAT_L001_R1_001_fastqc	17	30.620830834102154	22.992415314631735	17.074305878757144	29.31244797250897
./14uninfected_CGAGGCTG-CTCTCTAT_L001_R1_001_fastqc	18	33.0792719783319	19.888226142768577	18.592901478031724	28.4396004008678
./14uninfected_CGAGGCTG-CTCTCTAT_L001_R1_001_fastqc	19	35.56390490380255	21.39837833887997	18.495656951422053	24.542059805895423
./14uninfected_CGAGGCTG-CTCTCTAT_L001_R1_001_fastqc	20	32.04771212044601	20.38448070189666	19.309050687396944	28.25875649026039
./14uninfected_CGAGGCTG-CTCTCTAT_L001_R1_001_fastqc	21	30.617481473918794	21.352795808410352	21.15388581514192	26.87583690252893
./14uninfected_CGAGGCTG-CTCTCTAT_L001_R1_001_fastqc	22	30.430294241292106	22.760254036584815	17.539753862951184	29.269697859171895
./14uninfected_CGAGGCTG-CTCTCTAT_L001_R1_001_fastqc	23	30.352822786375818	20.555675008888997	19.140424941188307	29.951077263546882
./14uninfected_CGAGGCTG-CTCTCTAT_L001_R1_001_fastqc	24	28.30913151359687	23.4326138616879	20.198908916303743	28.059345708411488
./14uninfected_CGAGGCTG-CTCTCTAT_L001_R1_001_fastqc	25	28.011129999276818	22.152119000721083	21.218972176132624	28.61777882386948
./14uninfected_CGAGGCTG-CTCTCTAT_L001_R1_001_fastqc	26	27.252236061397973	22.725026521601677	18.672182233625843	31.350555183374507
./14uninfected_CGAGGCTG-CTCTCTAT_L001_R1_001_fastqc	27	31.251996759844037	23.25921177708274	19.372322362886372	26.116469100186844
./14uninfected_CGAGGCTG-CTCTCTAT_L001_R1_001_fastqc	28	28.713251743565444	21.41928222349699	19.90751996517527	29.959946067762296
./14uninfected_CGAGGCTG-CTCTCTAT_L001_R1_001_fastqc	29	30.647604176275212	21.285803219919796	18.536640842668866	29.529951761136125
./14uninfected_CGAGGCTG-CTCTCTAT_L001_R1_001_fastqc	30	28.611672434081818	22.37958471272317	19.912010907929158	29.09673194526585
./14uninfected_CGAGGCTG-CTCTCTAT_L001_R1_001_fastqc	31	30.041466909909914	20.324057598010114	18.426483509435908	31.207991982644067
./14uninfected_CGAGGCTG-CTCTCTAT_L001_R1_001_fastqc	32	30.094160378610212	22.031903450260454	18.611598857897103	29.26233731323223
./14uninfected_CGAGGCTG-CTCTCTAT_L001_R1_001_fastqc	33	29.954810934656383	20.097435506137295	20.96406139518163	28.983692164024692
./14uninfected_CGAGGCTG-CTCTCTAT_L001_R1_001_fastqc	34	30.22588095846196	20.730676386057596	20.540371340655724	28.503071314824723
./14uninfected_CGAGGCTG-CTCTCTAT_L001_R1_001_fastqc	35	28.52851061139658	23.271278593578348	20.582212348336597	27.617998446688475
./14uninfected_CGAGGCTG-CTCTCTAT_L001_R1_001_fastqc	36	27.613472173997707	20.895936058739046	20.633493558400872	30.857098208862375
./14uninfected_CGAGGCTG-CTCTCTAT_L001_R1_001_fastqc	37	30.01491717848101	21.808433531482343	18.926944273444775	29.249705016591875
./14uninfected_CGAGGCTG-CTCTCTAT_L001_R1_001_fastqc	38	30.265972060451507	19.58594917256499	21.028816529766907	29.1192622372166
./14uninfected_CGAGGCTG-CTCTCTAT_L001_R1_001_fastqc	39	29.5367553608355	21.224141936230104	18.98268703408476	30.25641566884964
./14uninfected_CGAGGCTG-CTCTCTAT_L001_R1_001_fastqc	40	30.44167662864958	20.034258451530913	20.045394332977935	29.478670586841567
./14uninfected_CGAGGCTG-CTCTCTAT_L001_R1_001_fastqc	41	29.08979913080245	20.16564056955982	20.378513627817423	30.366046671820307
./14uninfected_CGAGGCTG-CTCTCTAT_L001_R1_001_fastqc	42	29.51133201336923	19.088761671809266	20.54348280870513	30.856423506116382
./14uninfected_CGAGGCTG-CTCTCTAT_L001_R1_001_fastqc	43	30.203410090222178	19.117964842595416	20.420381319810534	30.25824374737187
./14uninfected_CGAGGCTG-CTCTCTAT_L001_R1_001_fastqc	44	29.928358693428592	21.89833227171539	19.636819505725978	28.536489529130037
./14uninfected_CGAGGCTG-CTCTCTAT_L001_R1_001_fastqc	45	30.286060579821545	20.036248875703823	20.136353843220327	29.541336701254306
./7infected_AAGAGGCA-CTCTCTAT_L001_R1_001_fastqc	1	45.454086652291856	15.918744318449688	12.010479821797517	26.616689207460944
./7infected_AAGAGGCA-CTCTCTAT_L001_R1_001_fastqc	2	18.891494175581187	17.93507131605867	35.68649783609706	27.48693667226308
./7infected_AAGAGGCA-CTCTCTAT_L001_R1_001_fastqc	3	20.8505101782732	19.395395598160338	25.78342014022613	33.97067408334033
./7infected_AAGAGGCA-CTCTCTAT_L001_R1_001_fastqc	4	15.635811357027096	14.23239606686546	30.959051798386326	39.17274077772112
./7infected_AAGAGGCA-CTCTCTAT_L001_R1_001_fastqc	5	18.767284796874	32.07523885223207	29.903739832188215	19.253736518705715
./7infected_AAGAGGCA-CTCTCTAT_L001_R1_001_fastqc	6	38.5315721104822	31.189852800150398	13.695180560708462	16.583394528658935
./7infected_AAGAGGCA-CTCTCTAT_L001_R1_001_fastqc	7	33.364920185965076	28.16336885995307	17.08773289398553	21.38397806009632
./7infected_AAGAGGCA-CTCTCTAT_L001_R1_001_fastqc	8	30.48820677520063	30.47026971523489	16.338678580937678	22.702844928626803
./7infected_AAGAGGCA-CTCTCTAT_L001_R1_001_fastqc	9	28.54358747585401	14.48632702509379	16.21174111097399	40.75834438807821
./7infected_AAGAGGCA-CTCTCTAT_L001_R1_001_fastqc	10	20.663190581710282	22.871818531627007	26.08175680562137	30.383234081041337
./7infected_AAGAGGCA-CTCTCTAT_L001_R1_001_fastqc	11	39.151392203227225	20.590893362497955	18.312668275474923	21.945046158799894
./7infected_AAGAGGCA-CTCTCTAT_L001_R1_001_fastqc	12	27.9622183448844	20.98148096590564	24.749193462507428	26.307107226702538
./7infected_AAGAGGCA-CTCTCTAT_L001_R1_001_fastqc	13	32.62185422928929	17.73246992699527	22.070801642613436	27.574874201102002
./7infected_AAGAGGCA-CTCTCTAT_L001_R1_001_fastqc	14	25.919359751153266	17.966900914661217	21.567964567752426	34.5457747664331
./7infected_AAGAGGCA-CTCTCTAT_L001_R1_001_fastqc	15	28.29935328552097	22.803577037403812	19.402341867478736	29.494727809596483
./7infected_AAGAGGCA-CTCTCTAT_L001_R1_001_fastqc	16	28.036565833911673	23.88239988451267	19.58988553724548	28.49114874433018
./7infected_AAGAGGCA-CTCTCTAT_L001_R1_001_fastqc	17	28.318612377389247	23.360303717783385	20.26770137696905	28.05338252785832
./7infected_AAGAGGCA-CTCTCTAT_L001_R1_001_fastqc	18	29.469256288152312	21.61273439387554	21.40276099640648	27.51524832156566
./7infected_AAGAGGCA-CTCTCTAT_L001_R1_001_fastqc	19	31.2610632643242	22.027902827742214	20.775815375780006	25.93521853215358
./7infected_AAGAGGCA-CTCTCTAT_L001_R1_001_fastqc	20	29.23308873315677	21.33219474269366	21.79149439405256	27.643222130097012
./7infected_AAGAGGCA-CTCTCTAT_L001_R1_001_fastqc	21	28.833095657018763	21.575840740866678	21.95414913270506	27.636914469409497
./7infected_AAGAGGCA-CTCTCTAT_L001_R1_001_fastqc	22	28.719731421376437	22.415415026427475	20.277140460679945	28.587713091516147
./7infected_AAGAGGCA-CTCTCTAT_L001_R1_001_fastqc	23	28.519589235724958	21.14776569046001	21.526455006744882	28.806190067070155
./7infected_AAGAGGCA-CTCTCTAT_L001_R1_001_fastqc	24	27.953972450983844	22.60016898480666	21.54450970514263	27.90134885906686
./7infected_AAGAGGCA-CTCTCTAT_L001_R1_001_fastqc	25	28.016740957203755	22.002599361200907	22.059659602553516	27.921000079041825
./7infected_AAGAGGCA-CTCTCTAT_L001_R1_001_fastqc	26	27.204649250091407	22.364107864582927	20.916186034312666	29.515056851013
./7infected_AAGAGGCA-CTCTCTAT_L001_R1_001_fastqc	27	29.221067205771856	22.796165816187486	20.81042348210991	27.172343495930747
./7infected_AAGAGGCA-CTCTCTAT_L001_R1_001_fastqc	28	28.264056154089317	21.696313698900177	21.048333206265156	28.991296940745354
./7infected_AAGAGGCA-CTCTCTAT_L001_R1_001_fastqc	29	28.978440740676213	21.894147930552318	20.792973781362477	28.334437547408985
./7infected_AAGAGGCA-CTCTCTAT_L001_R1_001_fastqc	30	27.77607513264153	22.32415561234193	21.838051203976132	28.0617180510404
./7infected_AAGAGGCA-CTCTCTAT_L001_R1_001_fastqc	31	28.871905135920283	21.120294315671753	20.737515663417174	29.270284884990787
./7infected_AAGAGGCA-CTCTCTAT_L001_R1_001_fastqc	32	28.356242372033197	22.253807310199157	21.06122422456555	28.328726093202093
./7infected_AAGAGGCA-CTCTCTAT_L001_R1_001_fastqc	33	29.04013102067824	21.05185704871396	21.6541965628359	28.253815367771896
./7infected_AAGAGGCA-CTCTCTAT_L001_R1_001_fastqc	34	28.3983152159878	21.48898996706628	21.48141069094709	28.631284125998828
./7infected_AAGAGGCA-CTCTCTAT_L001_R1_001_fastqc	35	28.076614415272154	22.315441899849993	22.02768073204012	27.58026295283773
./7infected_AAGAGGCA-CTCTCTAT_L001_R1_001_fastqc	36	27.922276134107925	21.249185976585817	21.60497267822316	29.2235652110831
./7infected_AAGAGGCA-CTCTCTAT_L001_R1_001_fastqc	37	29.023993480304703	21.654430940856944	21.087408362300202	28.234167216538147
./7infected_AAGAGGCA-CTCTCTAT_L001_R1_001_fastqc	38	29.516039275523248	20.731082501387306	22.20932044704427	27.543557776045173
./7infected_AAGAGGCA-CTCTCTAT_L001_R1_001_fastqc	39	28.54862911399964	21.80690797791668	20.539941568407727	29.104521339675955
./7infected_AAGAGGCA-CTCTCTAT_L001_R1_001_fastqc	40	28.97620165724424	20.97822437829253	21.657411173623554	28.388162790839676
./7infected_AAGAGGCA-CTCTCTAT_L001_R1_001_fastqc	41	28.679865755307336	21.24636083580099	21.90837487703265	28.165398531859026
./7infected_AAGAGGCA-CTCTCTAT_L001_R1_001_fastqc	42	28.045880788778142	21.077242191691745	21.949408071319823	28.92746894821029
./7infected_AAGAGGCA-CTCTCTAT_L001_R1_001_fastqc	43	29.084653068559458	20.782253042746223	21.648256811209578	28.48483707748474
./7infected_AAGAGGCA-CTCTCTAT_L001_R1_001_fastqc	44	28.7474172760898	21.788358589745915	21.28926911126064	28.174955022903642
./7infected_AAGAGGCA-CTCTCTAT_L001_R1_001_fastqc	45	28.906675393667353	21.302667307224336	21.16441261474355	28.62624468436476
./11infected_CGAGGCTG-GCGTAAGA_L001_R2_001_fastqc	1	47.366025921873316	15.844695526968744	11.090308248809475	25.698970302348467
./11infected_CGAGGCTG-GCGTAAGA_L001_R2_001_fastqc	2	19.975985830373986	18.829167501447568	34.144015666727576	27.05083100145087
./11infected_CGAGGCTG-GCGTAAGA_L001_R2_001_fastqc	3	20.680493206901637	19.88202069082431	25.76821124983763	33.66927485243642
./11infected_CGAGGCTG-GCGTAAGA_L001_R2_001_fastqc	4	14.777284125659659	14.324768664783546	30.493916924072735	40.40403028548406
./11infected_CGAGGCTG-GCGTAAGA_L001_R2_001_fastqc	5	18.652795727096	32.17324657482976	28.334270856496207	20.839686841578033
./11infected_CGAGGCTG-GCGTAAGA_L001_R2_001_fastqc	6	36.95475287297852	33.22844148540025	11.94270184400012	17.874103797621107
./11infected_CGAGGCTG-GCGTAAGA_L001_R2_001_fastqc	7	33.70174604893257	28.886885342186762	15.670161509484979	21.74120709939569
./11infected_CGAGGCTG-GCGTAAGA_L001_R2_001_fastqc	8	32.22023599348156	28.29900868028202	14.598280282639028	24.882475043597392
./11infected_CGAGGCTG-GCGTAAGA_L001_R2_001_fastqc	9	30.160377146065375	13.581030650907946	14.995603665867154	41.26298853715952
./11infected_CGAGGCTG-GCGTAAGA_L001_R2_001_fastqc	10	22.242704566349225	21.18944404317106	23.15192503972166	33.41592635075805
./11infected_CGAGGCTG-GCGTAAGA_L001_R2_001_fastqc	11	39.78020421940687	21.244413079793514	16.905408600127092	22.06997410067253
./11infected_CGAGGCTG-GCGTAAGA_L001_R2_001_fastqc	12	30.045688219379663	21.78178824504497	22.116406422462042	26.05611711311332
./11infected_CGAGGCTG-GCGTAAGA_L001_R2_001_fastqc	13	34.10424956145215	17.982356109556076	21.052554490995412	26.860839837996366
./11infected_CGAGGCTG-GCGTAAGA_L001_R2_001_fastqc	14	27.00090825741213	18.71304835986198	20.39096803634263	33.89507534638326
./11infected_CGAGGCTG-GCGTAAGA_L001_R2_001_fastqc	15	29.13343645731302	21.591062451383603	19.157868063599594	30.117633027703782
./11infected_CGAGGCTG-GCGTAAGA_L001_R2_001_fastqc	16	28.225305371017463	24.536255014735215	17.710417931762716	29.528021682484614
./11infected_CGAGGCTG-GCGTAAGA_L001_R2_001_fastqc	17	30.168593352129864	23.138297096192396	17.677355873015784	29.01575367866196
./11infected_CGAGGCTG-GCGTAAGA_L001_R2_001_fastqc	18	32.39298378385581	20.00778713233373	19.099420513350537	28.499808570459916
./11infected_CGAGGCTG-GCGTAAGA_L001_R2_001_fastqc	19	34.47431131089086	21.60020977460683	18.700511947835636	25.224966966666674
./11infected_CGAGGCTG-GCGTAAGA_L001_R2_001_fastqc	20	31.270115182088293	20.380989237047444	19.765947644265044	28.58294793659922
./11infected_CGAGGCTG-GCGTAAGA_L001_R2_001_fastqc	21	30.382723432717274	21.03763178767867	21.01278919840695	27.566855581197107
./11infected_CGAGGCTG-GCGTAAGA_L001_R2_001_fastqc	22	29.886373223249652	22.54404305546102	18.19726182916103	29.3723218921283
./11infected_CGAGGCTG-GCGTAAGA_L001_R2_001_fastqc	23	30.050274186548158	20.220339163152516	19.60308977608819	30.12629687421114
./11infected_CGAGGCTG-GCGTAAGA_L001_R2_001_fastqc	24	28.422624364686033	23.17717186577571	20.217178732234373	28.18302503730389
./11infected_CGAGGCTG-GCGTAAGA_L001_R2_001_fastqc	25	28.24600468732846	21.709314498860763	21.01940749551898	29.0252733182918
./11infected_CGAGGCTG-GCGTAAGA_L001_R2_001_fastqc	26	27.35032275929402	22.274775077426764	18.954571819367587	31.420330343911633
./11infected_CGAGGCTG-GCGTAAGA_L001_R2_001_fastqc	27	31.072532338027127	22.904539946644313	19.43846308399526	26.584464631333304
./11infected_CGAGGCTG-GCGTAAGA_L001_R2_001_fastqc	28	28.811703236941938	21.142123799925567	19.92486011692819	30.121312846204308
./11infected_CGAGGCTG-GCGTAAGA_L001_R2_001_fastqc	29	30.589749045115145	21.142996402470477	18.880334459681194	29.38692009273318
./11infected_CGAGGCTG-GCGTAAGA_L001_R2_001_fastqc	30	28.7200792243415	21.911846125933554	19.971862914578068	29.39621173514688
./11infected_CGAGGCTG-GCGTAAGA_L001_R2_001_fastqc	31	29.90603898810337	19.995116133369873	18.665848576783546	31.43299630174321
./11infected_CGAGGCTG-GCGTAAGA_L001_R2_001_fastqc	32	29.96658830606682	21.708911251705814	18.969574173679682	29.354926268547683
./11infected_CGAGGCTG-GCGTAAGA_L001_R2_001_fastqc	33	30.162649181456057	19.91171333721305	20.85449404326073	29.071143438070163
./11infected_CGAGGCTG-GCGTAAGA_L001_R2_001_fastqc	34	29.921431187973457	20.74055702877012	20.371580531669174	28.96643125158725
./11infected_CGAGGCTG-GCGTAAGA_L001_R2_001_fastqc	35	28.832625706938042	22.666369298376036	20.416508345586006	28.08449664909991
./11infected_CGAGGCTG-GCGTAAGA_L001_R2_001_fastqc	36	28.152275537926	20.381374363898857	20.71471834250846	30.75163175566668
./11infected_CGAGGCTG-GCGTAAGA_L001_R2_001_fastqc	37	30.276335360081553	21.27467244601669	19.10024669761588	29.34874549628588
./11infected_CGAGGCTG-GCGTAAGA_L001_R2_001_fastqc	38	30.49324467324357	19.50080484347861	21.232756196116252	28.77319428716157
./11infected_CGAGGCTG-GCGTAAGA_L001_R2_001_fastqc	39	29.714391654835996	21.064252117806113	18.96947596154402	30.251880265813867
./11infected_CGAGGCTG-GCGTAAGA_L001_R2_001_fastqc	40	30.54164518002115	19.745420075047473	20.03735578939022	29.67557895554116
./11infected_CGAGGCTG-GCGTAAGA_L001_R2_001_fastqc	41	29.386428486180005	19.858537101998255	20.58817908499907	30.166855326822674
./11infected_CGAGGCTG-GCGTAAGA_L001_R2_001_fastqc	42	29.334869990378547	19.153817784454173	20.73607127868609	30.775240946481187
./11infected_CGAGGCTG-GCGTAAGA_L001_R2_001_fastqc	43	30.16303656637162	19.176872624688865	20.30980416122303	30.35028664771648
./11infected_CGAGGCTG-GCGTAAGA_L001_R2_001_fastqc	44	30.04158790003597	21.427759283193332	19.62527557193893	28.90537724483177
./11infected_CGAGGCTG-GCGTAAGA_L001_R2_001_fastqc	45	30.458408668576542	19.973009260921344	19.94977821759586	29.618803852906257
./5uninfected_AAGAGGCA-GCGTAAGA_L001_R2_001_fastqc	1	45.92011085630466	15.951019010214315	11.721757559450948	26.407112574030073
./5uninfected_AAGAGGCA-GCGTAAGA_L001_R2_001_fastqc	2	19.07202207035031	18.29723907896395	34.82503605363357	27.805702797052167
./5uninfected_AAGAGGCA-GCGTAAGA_L001_R2_001_fastqc	3	20.483643018839608	19.5756398337412	26.029451363699092	33.911265783720104
./5uninfected_AAGAGGCA-GCGTAAGA_L001_R2_001_fastqc	4	15.343406650672762	14.148786298560964	31.139259544792612	39.36854750597366
./5uninfected_AAGAGGCA-GCGTAAGA_L001_R2_001_fastqc	5	18.53519145706066	32.25683934034812	30.035490821676497	19.172478380914722
./5uninfected_AAGAGGCA-GCGTAAGA_L001_R2_001_fastqc	6	38.14031570040906	31.425650365541845	13.757014707798271	16.67701922625082
./5uninfected_AAGAGGCA-GCGTAAGA_L001_R2_001_fastqc	7	33.162511856663265	28.256369590602016	17.439741156579583	21.14137739615514
./5uninfected_AAGAGGCA-GCGTAAGA_L001_R2_001_fastqc	8	30.975645377398713	29.58332567101587	16.495351503646052	22.945677447939364
./5uninfected_AAGAGGCA-GCGTAAGA_L001_R2_001_fastqc	9	28.86012758200337	14.203866679255004	16.263786446788494	40.672219291953134
./5uninfected_AAGAGGCA-GCGTAAGA_L001_R2_001_fastqc	10	20.65888288707461	22.9139127861452	26.183512895965432	30.24369143081475
./5uninfected_AAGAGGCA-GCGTAAGA_L001_R2_001_fastqc	11	38.905408944075496	20.569874540606133	18.54707130430059	21.977645211017776
./5uninfected_AAGAGGCA-GCGTAAGA_L001_R2_001_fastqc	12	27.84241466302066	21.254150683305404	24.8214337275569	26.082000926117033
./5uninfected_AAGAGGCA-GCGTAAGA_L001_R2_001_fastqc	13	32.70041775582846	17.918232914607916	21.992872127063134	27.388477202500493
./5uninfected_AAGAGGCA-GCGTAAGA_L001_R2_001_fastqc	14	25.91179274278521	18.15253262113069	21.69543851934935	34.24023611673475
./5uninfected_AAGAGGCA-GCGTAAGA_L001_R2_001_fastqc	15	28.25069440270887	22.919165899742087	19.544631802414276	29.285507895134767
./5uninfected_AAGAGGCA-GCGTAAGA_L001_R2_001_fastqc	16	28.04096109796999	24.028529171109536	19.6208299730581	28.309679757862376
./5uninfected_AAGAGGCA-GCGTAAGA_L001_R2_001_fastqc	17	28.306263248154632	23.455110708495123	20.27591184385225	27.962714199497995
./5uninfected_AAGAGGCA-GCGTAAGA_L001_R2_001_fastqc	18	29.58970089799632	21.624375519570442	21.382023829110725	27.40389975332251
./5uninfected_AAGAGGCA-GCGTAAGA_L001_R2_001_fastqc	19	31.28038164714707	22.169447384945233	20.706743638184886	25.84342732972281
./5uninfected_AAGAGGCA-GCGTAAGA_L001_R2_001_fastqc	20	29.256900636902895	21.473929287480658	21.74923504493055	27.519935030685893
./5uninfected_AAGAGGCA-GCGTAAGA_L001_R2_001_fastqc	21	28.785626081887006	21.771667360300505	21.947902395667278	27.494804162145215
./5uninfected_AAGAGGCA-GCGTAAGA_L001_R2_001_fastqc	22	28.587548258604734	22.640715984541846	20.349842665558377	28.421893091295047
./5uninfected_AAGAGGCA-GCGTAAGA_L001_R2_001_fastqc	23	28.535851197996504	21.28803503701835	21.43419013464586	28.74192363033929
./5uninfected_AAGAGGCA-GCGTAAGA_L001_R2_001_fastqc	24	27.853504406172945	22.85579285852104	21.52981636085448	27.760886374451538
./5uninfected_AAGAGGCA-GCGTAAGA_L001_R2_001_fastqc	25	27.939049512486676	22.164165550234475	21.991098733418664	27.905686203860185
./5uninfected_AAGAGGCA-GCGTAAGA_L001_R2_001_fastqc	26	27.232984368372744	22.47904827796362	20.86222976304228	29.425737590621353
./5uninfected_AAGAGGCA-GCGTAAGA_L001_R2_001_fastqc	27	29.145770316342706	22.933007061895257	20.883840495570997	27.037382126191034
./5uninfected_AAGAGGCA-GCGTAAGA_L001_R2_001_fastqc	28	28.17498336282913	21.845864565569062	21.09229135683066	28.886860714771146
./5uninfected_AAGAGGCA-GCGTAAGA_L001_R2_001_fastqc	29	28.947365606892372	22.014456960359656	20.737118906066115	28.301058526681857
./5uninfected_AAGAGGCA-GCGTAAGA_L001_R2_001_fastqc	30	27.791682925976357	22.409048478283676	21.658309497336823	28.14095909840314
./5uninfected_AAGAGGCA-GCGTAAGA_L001_R2_001_fastqc	31	28.83261051931051	21.153436622631823	20.68583672064945	29.328116137408216
./5uninfected_AAGAGGCA-GCGTAAGA_L001_R2_001_fastqc	32	28.407561995244528	22.401201830317458	20.88018145742621	28.311054717011803
./5uninfected_AAGAGGCA-GCGTAAGA_L001_R2_001_fastqc	33	29.09931671904491	21.070829672632247	21.59989055867486	28.22996304964798
./5uninfected_AAGAGGCA-GCGTAAGA_L001_R2_001_fastqc	34	28.33812063969238	21.654375627962917	21.509387260085138	28.49811647225956
./5uninfected_AAGAGGCA-GCGTAAGA_L001_R2_001_fastqc	35	28.060899736875104	22.45494109836529	21.871125217878163	27.613033946881444
./5uninfected_AAGAGGCA-GCGTAAGA_L001_R2_001_fastqc	36	27.86648581434234	21.32812142428477	21.68417443779865	29.12121832357424
./5uninfected_AAGAGGCA-GCGTAAGA_L001_R2_001_fastqc	37	28.958303500262712	21.74231691709691	21.075624655037018	28.223754927603363
./5uninfected_AAGAGGCA-GCGTAAGA_L001_R2_001_fastqc	38	29.507294956688035	20.841650079522033	22.19149247936545	27.45956248442448
./5uninfected_AAGAGGCA-GCGTAAGA_L001_R2_001_fastqc	39	28.544463072669775	21.865951100418375	20.500882115237214	29.08870371167464
./5uninfected_AAGAGGCA-GCGTAAGA_L001_R2_001_fastqc	40	28.888238555569888	21.009751025063682	21.613664471461973	28.488345947904453
./5uninfected_AAGAGGCA-GCGTAAGA_L001_R2_001_fastqc	41	28.645141829833083	21.248635210251827	21.892422879852774	28.213800080062317
./5uninfected_AAGAGGCA-GCGTAAGA_L001_R2_001_fastqc	42	28.063994379385086	21.033092760464065	21.95473030993585	28.948182550214995
./5uninfected_AAGAGGCA-GCGTAAGA_L001_R2_001_fastqc	43	28.976430321194748	20.828301578119536	21.609625256755844	28.58564284392987
./5uninfected_AAGAGGCA-GCGTAAGA_L001_R2_001_fastqc	44	28.653628406318543	21.820424937307692	21.23234353603699	28.293603120336776
./5uninfected_AAGAGGCA-GCGTAAGA_L001_R2_001_fastqc	45	28.888866193791134	21.322699052167167	21.152808422100872	28.635626331940827
./11infected_CGAGGCTG-GCGTAAGA_L001_R1_001_fastqc	1	46.96316658660285	16.080202911961532	11.287498090644045	25.66913241079157
./11infected_CGAGGCTG-GCGTAAGA_L001_R1_001_fastqc	2	20.14039180028665	19.08277760776379	33.8563520038044	26.92047858814516
./11infected_CGAGGCTG-GCGTAAGA_L001_R1_001_fastqc	3	20.734009083883922	20.220662863735136	25.978262305404314	33.067065746976624
./11infected_CGAGGCTG-GCGTAAGA_L001_R1_001_fastqc	4	14.959308559237888	14.723234355839027	30.5673739737699	39.75008311115318
./11infected_CGAGGCTG-GCGTAAGA_L001_R1_001_fastqc	5	18.61397566329305	32.46598497174221	28.480463925356275	20.439575439608465
./11infected_CGAGGCTG-GCGTAAGA_L001_R1_001_fastqc	6	36.7801968688561	33.58521149862069	12.038122150278173	17.596469482245038
./11infected_CGAGGCTG-GCGTAAGA_L001_R1_001_fastqc	7	33.62519291694829	29.071857572802067	15.720815876321797	21.582133633927842
./11infected_CGAGGCTG-GCGTAAGA_L001_R1_001_fastqc	8	31.99415579983752	28.657666811239714	14.726900053059042	24.621277335863727
./11infected_CGAGGCTG-GCGTAAGA_L001_R1_001_fastqc	9	30.02731659955395	13.65823372837734	15.019374255577253	41.29507541649146
./11infected_CGAGGCTG-GCGTAAGA_L001_R1_001_fastqc	10	21.98147446891423	21.552565877973013	23.378644506627978	33.087315146484784
./11infected_CGAGGCTG-GCGTAAGA_L001_R1_001_fastqc	11	39.86868988201518	21.292763715541895	16.96733456477276	21.871211837670156
./11infected_CGAGGCTG-GCGTAAGA_L001_R1_001_fastqc	12	29.823077820660444	21.86272459275535	22.270745314402337	26.04345227218187
./11infected_CGAGGCTG-GCGTAAGA_L001_R1_001_fastqc	13	34.06895693851536	18.036408189145572	21.206063921833685	26.68857095050538
./11infected_CGAGGCTG-GCGTAAGA_L001_R1_001_fastqc	14	26.908309133860698	18.806997188531323	20.59469607737373	33.68999760023425
./11infected_CGAGGCTG-GCGTAAGA_L001_R1_001_fastqc	15	29.090268619650338	21.8957929244338	19.101315247759302	29.912623208156564
./11infected_CGAGGCTG-GCGTAAGA_L001_R1_001_fastqc	16	28.14406190074657	24.60608065414532	17.86376816061258	29.386089284495533
./11infected_CGAGGCTG-GCGTAAGA_L001_R1_001_fastqc	17	30.225935743520083	23.182210470464167	17.73169848374434	28.860155302271412
./11infected_CGAGGCTG-GCGTAAGA_L001_R1_001_fastqc	18	32.13362291974435	20.222264542250187	19.270586797765795	28.373525740239668
./11infected_CGAGGCTG-GCGTAAGA_L001_R1_001_fastqc	19	34.38785608450698	21.791992047748735	18.847644596894394	24.972507270849892
./11infected_CGAGGCTG-GCGTAAGA_L001_R1_001_fastqc	20	31.251334732095877	20.515063483711316	19.809603906554443	28.423997877638367
./11infected_CGAGGCTG-GCGTAAGA_L001_R1_001_fastqc	21	30.194408545808006	21.227348082719267	21.258600077937345	27.319643293535385
./11infected_CGAGGCTG-GCGTAAGA_L001_R1_001_fastqc	22	29.882884826655452	22.652671335568712	18.18080693774479	29.28363690003104
./11infected_CGAGGCTG-GCGTAAGA_L001_R1_001_fastqc	23	30.01056777576941	20.382283784408568	19.695400375596364	29.91174806422566
./11infected_CGAGGCTG-GCGTAAGA_L001_R1_001_fastqc	24	28.32239311685538	23.26247602986277	20.387914427435707	28.027216425846134
./11infected_CGAGGCTG-GCGTAAGA_L001_R1_001_fastqc	25	28.22549431871971	21.864089597125567	21.21690139604721	28.69351468810751
./11infected_CGAGGCTG-GCGTAAGA_L001_R1_001_fastqc	26	27.081439022833	22.45019935668665	19.05367219199887	31.41468942848148
./11infected_CGAGGCTG-GCGTAAGA_L001_R1_001_fastqc	27	30.896802367181774	23.106937084306633	19.54285563317489	26.453404915336705
./11infected_CGAGGCTG-GCGTAAGA_L001_R1_001_fastqc	28	28.833141425460855	21.26129155832862	20.02925402511168	29.876312991098853
./11infected_CGAGGCTG-GCGTAAGA_L001_R1_001_fastqc	29	30.46841666097915	21.26178141876793	19.02761601986742	29.242185900385504
./11infected_CGAGGCTG-GCGTAAGA_L001_R1_001_fastqc	30	28.577115041247346	22.094175394255092	20.19991259568791	29.12879696880965
./11infected_CGAGGCTG-GCGTAAGA_L001_R1_001_fastqc	31	29.827370979566766	20.074838566217025	18.818555693279116	31.279234760937097
./11infected_CGAGGCTG-GCGTAAGA_L001_R1_001_fastqc	32	29.798970947804946	21.835685966087546	19.245673621005828	29.119669465101683
./11infected_CGAGGCTG-GCGTAAGA_L001_R1_001_fastqc	33	30.061589474979694	20.085484857084545	21.04158084899664	28.811344818939116
./11infected_CGAGGCTG-GCGTAAGA_L001_R1_001_fastqc	34	29.924583508545588	20.758870877191438	20.548858349973912	28.767687264289066
./11infected_CGAGGCTG-GCGTAAGA_L001_R1_001_fastqc	35	28.61591011016287	22.790220279505505	20.681220089504993	27.912649520826633
./11infected_CGAGGCTG-GCGTAAGA_L001_R1_001_fastqc	36	28.033070427893573	20.541773519703817	20.795077964555322	30.630078087847284
./11infected_CGAGGCTG-GCGTAAGA_L001_R1_001_fastqc	37	30.172116239075375	21.365145615330487	19.162137014334625	29.300601131259512
./11infected_CGAGGCTG-GCGTAAGA_L001_R1_001_fastqc	38	30.51759536029575	19.58579667680286	21.252965410438783	28.643642552462605
./11infected_CGAGGCTG-GCGTAAGA_L001_R1_001_fastqc	39	29.59407345762032	21.21825572758468	19.179301904649463	30.008368910145535
./11infected_CGAGGCTG-GCGTAAGA_L001_R1_001_fastqc	40	30.46377383221572	19.911811314168506	20.226628586456304	29.397786267159475
./11infected_CGAGGCTG-GCGTAAGA_L001_R1_001_fastqc	41	29.253703445115015	20.048032792723152	20.639883895248794	30.058379866913036
./11infected_CGAGGCTG-GCGTAAGA_L001_R1_001_fastqc	42	29.15110419239696	19.294785787021745	20.894026272045306	30.660083748535992
./11infected_CGAGGCTG-GCGTAAGA_L001_R1_001_fastqc	43	30.086657417293804	19.284667218796287	20.576495316961463	30.052180046948447
